11111111111111111111000111100011111111111111111111
10000000001000000001000000000010000000010000000001
10110000001000000001000000000010000000010000001101
10010000001000000001000000000010000000010000001001
00010000001000000001000000000010000000010000001000
10000000001000000001000000000010000000010000000001
10110000001002000001111100111110000000010000001101
10110000001000000000000000000000000000010000001101
10110000001000000000000333330000000000010000001101
10000000001000000000000000000000000000010000000001
00010000001111111111111111111111111111110000001000
10010000000000000000000331100000000000000000001001
10110000000000000000000133100000000000000000001101
10000000000000000000000113300000000000000000000001
11111111111111111111000111100000011111111111111111
